   0.239785800000000
   0.072600900000000
   0.047197800000000
   0.060592400000000
   0.090133800000000
   0.074558900000000
   0.044157900000000
   0.078046200000000
   0.069649600000000
   0.080715500000000
   0.332011400000000
   0.240218500000000
   0.240453500000000
   0.248088800000000
   0.365680900000000
   0.171663500000000
   0.342755900000000
   0.238304000000000
   0.212335100000000
   0.257234500000000
   0.466772900000000
   0.856604200000000
   0.609038700000000
   0.386952200000000
   0.447737000000000
   0.695135400000000
   0.636853100000000
   0.500730700000000
   0.467307900000000
   0.553387000000000
   1.348679300000000
   1.458797200000000
   1.532052500000000
   1.531022000000000
   1.338075800000000
   1.842876600000000
   1.097127700000000
   1.411835400000000
   1.432971300000000
   1.413696200000000
   3.162636400000000
   1.911422300000000
   1.514031200000000
   1.861592900000000
   1.747844900000000
   1.474169400000000
   1.837420600000000
   1.780247700000000
   1.860985100000000
   1.870247800000000
