   0.242680300000000
   0.139658000000000
   0.094020100000000
   0.107305000000000
   0.122353000000000
   0.106546600000000
   0.102499800000000
   0.131557600000000
   0.106546100000000
   0.099150400000000
   0.869373500000000
   0.321795100000000
   0.228781600000000
   0.364939300000000
   2.833882900000000
   0.262516800000000
   0.334562900000000
   0.233955100000000
   0.338214600000000
   0.367545800000000
   0.777491100000000
   4.717868600000001
   0.544846400000000
   0.767493800000000
   0.852795800000000
   3.823625100000000
   1.034833400000000
   0.781641600000000
   0.851079900000000
   0.560403500000000
   1.390855400000000
   1.495466600000000
   2.479967700000000
   2.697235400000000
   1.762120900000000
   5.885724000000000
   1.928670700000000
   2.468219300000000
   2.198616400000000
   2.647259700000000
  12.638951700000002
   2.517742900000000
   2.883879000000000
   3.019161700000000
   2.380236500000000
   2.949587000000000
   2.465758800000000
   2.093563900000000
   1.785167900000000
   2.567648100000000
