   0.569788500000000
   0.325014000000000
   0.333629900000000
   0.462827200000000
   0.336074600000000
   0.311771300000000
   0.306800400000000
   0.305956400000000
   0.573593600000000
   0.298347200000000
   1.535757400000000
   1.726887500000000
   1.422048200000000
   1.461506400000000
   1.786443700000000
   1.514116500000000
   1.691621600000000
   1.450356900000000
   1.736036600000000
   1.541558200000000
   3.459386300000000
   3.263715700000000
   3.805161600000000
   3.748920800000000
   4.690971800000000
   4.029330000000000
   3.184765900000000
   3.194958600000000
   3.136053300000000
   3.299812400000000
   6.562140900000000
   6.453359100000000
   6.319257400000000
   6.406746400000000
   6.327480900000000
   6.370012200000000
   6.181293300000000
   6.314033900000000
   6.492384800000000
   6.246036300000000
   9.804633400000000
   9.817014199999999
   9.766372100000000
   9.838505200000000
   9.867668800000001
   9.844781800000000
   9.737298900000001
   9.855435900000000
   9.829879099999999
   9.869662399999999
