   0.065820000000000
   0.043870000000000
   0.031854000000000
   0.038753000000000
   0.043503000000000
   0.037130000000000
   0.030032000000000
   0.030672000000000
   0.030076000000000
   0.030179000000000
   0.197414000000000
   0.122596000000000
   0.121095000000000
   0.129895000000000
   0.123358000000000
   0.130713000000000
   0.167436000000000
   0.111142000000000
   0.122337000000000
   0.188378000000000
   0.350570000000000
   0.500021000000000
   0.323564000000000
   0.331720000000000
   0.322637000000000
   0.362231000000000
   0.317746000000000
   0.354700000000000
   0.313180000000000
   0.308958000000000
   0.631792000000000
   0.654346000000000
   0.668109000000000
   0.645409000000000
   1.112651000000000
   0.650212000000000
   0.663965000000000
   0.923081000000000
   0.654506000000000
   0.930758000000000
   1.105884000000000
   1.073732000000000
   1.081219000000000
   1.064214000000000
   1.064004000000000
   1.073642000000000
   1.082874000000000
   1.305898000000000
   1.075827000000000
   1.038160000000000
