   0.108113000000000
   0.065214000000000
   0.039263000000000
   0.062895000000000
   0.051679000000000
   0.045563000000000
   0.030918000000000
   0.032198000000000
   0.031028000000000
   0.034367000000000
   0.188980000000000
   0.121164000000000
   0.164950000000000
   0.177993000000000
   0.168228000000000
   0.102500000000000
   0.174423000000000
   0.162255000000000
   0.101621000000000
   0.155111000000000
   0.224292000000000
   0.380133000000000
   0.388416000000000
   0.228615000000000
   0.231937000000000
   0.375109000000000
   0.385090000000000
   0.250089000000000
   0.226185000000000
   0.363634000000000
   0.722394000000000
   0.704544000000000
   0.772164000000000
   0.764823000000000
   0.700570000000000
   0.881672000000000
   0.644790000000000
   0.702708000000000
   0.709907000000000
   0.707205000000000
   1.249118000000000
   1.203321000000000
   1.107349000000000
   1.211282000000000
   1.214027000000000
   0.959770000000000
   1.209085000000000
   1.204706000000000
   1.229729000000000
   1.208049000000000
