        0.047258000000000
        0.041890000000000
        0.038169000000000
        0.028515000000000
        0.036830000000000
        0.034970000000000
        0.036527000000000
        0.027514000000000
        0.036557000000000
        0.038605000000000
        0.027451000000000
        0.033191000000000
        0.054699000000000
        0.024785000000000
        0.041530000000000
        0.038874000000000
        0.044687000000000
        0.039758000000000
        0.026836000000000
        0.025238000000000
        0.021444000000000
        0.032396000000000
        0.020420000000000
        0.020374000000000
        0.024903000000000
        0.025914000000000
        0.025805000000000
        0.025686000000000
        0.064103000000000
        0.057043000000000
        0.028444000000000
        0.024655000000000
        0.028106000000000
        0.031386000000000
        0.029762000000000
        0.030744000000000
        0.024707000000000
        0.021795000000000
        0.036086000000000
        0.026913000000000
        0.038512000000000
        0.030887000000000
        0.040598000000000
        0.039119000000000
        0.045076000000000
        0.040236000000000
        0.041522000000000
        0.029826000000000
        0.027798000000000
        0.033553000000000
        0.031581000000000
        0.021482000000000
        0.035833000000000
        0.040077000000000
        0.025818000000000
        0.026454000000000
        0.035397000000000
        0.042760000000000
        0.033659000000000
        0.045003000000000
        0.033125000000000
        0.034998000000000
        0.021674000000000
        0.037611000000000
        0.040954000000000
        0.028546000000000
        0.023827000000000
        0.028126000000000
        0.035631000000000
        0.033222000000000
        0.072310000000000
        0.072617000000000
        0.067030000000000
        0.066911000000000
        0.066982000000000
        0.067526000000000
        0.065926000000000
        0.066007000000000
        0.072953000000000
        0.064412000000000
        0.063822000000000
        0.055608000000000
        0.054913000000000
        0.064586000000000
        0.074358000000000
        0.051926000000000
        0.054071000000000
        0.060888000000000
        0.050129000000000
        0.048018000000000
        0.345895000000000
        0.083141000000000
        0.046278000000000
        0.047079000000000
        0.459296000000000
        0.385558000000000
        0.073894000000000
        0.059762000000000
        0.185791000000000
        0.132444000000000
        0.072998000000000
        0.052162000000000
        0.052622000000000
        0.068880000000000
        0.032300000000000
        0.054093000000000
        0.059282000000000
        0.050256000000000
        0.046075000000000
        0.090574000000000
        0.054664000000000
        0.043194000000000
        0.060367000000000
        0.061362000000000
        0.053038000000000
        0.075954000000000
        0.061528000000000
        0.048160000000000
        0.099461000000000
        0.047352000000000
        0.048693000000000
        0.051914000000000
        0.041178000000000
        0.057173000000000
        0.045767000000000
        0.030793000000000
        0.049189000000000
        0.043354000000000
        0.048803000000000
        0.063500000000000
        0.050974000000000
        0.050979000000000
        0.044915000000000
        0.055399000000000
        0.050952000000000
        0.069897000000000
        0.046235000000000
        0.061359000000000
        0.069635000000000
        0.065699000000000
        0.063443000000000
        0.084577000000000
        0.067584000000000
        0.061597000000000
        0.086793000000000
        0.074496000000000
        0.071134000000000
        0.064923000000000
        0.064459000000000
        0.062222000000000
        0.105765000000000
        0.106305000000000
        0.074836000000000
        0.074997000000000
        0.065273000000000
        0.072155000000000
        0.085939000000000
        0.074781000000000
        0.100028000000000
        0.083144000000000
        0.081379000000000
        0.074406000000000
        0.102306000000000
        0.083266000000000
        0.101545000000000
        0.114020000000000
        0.073083000000000
        0.063959000000000
        0.080990000000000
        0.127718000000000
        0.063101000000000
        0.104361000000000
        0.124441000000000
        0.068845000000000
        0.077597000000000
        1.631824000000000
        0.079607000000000
        0.072815000000000
        0.121605000000000
        0.073994000000000
        0.087033000000000
        0.061011000000000
        0.088519000000000
        0.062140000000000
        0.100192000000000
        0.080853000000000
        0.107214000000000
        0.114314000000000
        0.108318000000000
        0.099324000000000
        0.073284000000000
        0.094339000000000
        0.067060000000000
        0.083030000000000
        0.061008000000000
        0.136448000000000
        0.085378000000000
        0.109801000000000
        0.119323000000000
        0.102911000000000
        0.096410000000000
        0.065163000000000
        0.151571000000000
        0.159743000000000
        0.124209000000000
        0.091399000000000
        0.060558000000000
        0.081919000000000
        0.098745000000000
        0.074039000000000
        0.008617000000000
        0.008786000000000
        0.009170000000000
        0.010971000000000
        0.010772000000000
        0.014964000000000
        0.013494000000000
        0.013790000000000
        0.013577000000000
        0.013215000000000
        0.026356000000000
        0.026485000000000
        0.026900000000000
        0.026195000000000
        0.026238000000000
        0.027129000000000
        0.028198000000000
        0.028675000000000
        0.017764000000000
        0.016288000000000
        0.015503000000000
        0.021322000000000
        0.016768000000000
        0.021063000000000
        0.016039000000000
        0.016076000000000
        0.015735000000000
        0.015332000000000
        0.015860000000000
        0.023498000000000
        0.045672000000000
        0.054906000000000
        0.056910000000000
        0.048075000000000
        0.048793000000000
        0.049592000000000
        0.056754000000000
        0.032702000000000
        0.048184000000000
        0.048856000000000
        0.146862000000000
        0.275664000000000
        0.230619000000000
        0.140321000000000
        0.096999000000000
        0.094030000000000
        0.209227000000000
        0.111932000000000
        0.133677000000000
        0.071635000000000
        0.210368000000000
        0.133010000000000
        0.143629000000000
        0.076435000000000
        0.370619000000000
        0.163912000000000
        0.128647000000000
        0.152433000000000
        0.146801000000000
        0.148634000000000
        0.105601000000000
        0.128592000000000
        0.116822000000000
        0.093040000000000
        0.153484000000000
        0.105418000000000
        0.088831000000000
        0.437888000000000
        0.188229000000000
        0.145211000000000
