        0.067347000000000
        0.066941000000000
        0.043217000000000
        0.043012000000000
        0.054987000000000
        0.051516000000000
        0.036442000000000
        0.024901000000000
        0.035201000000000
        0.029064000000000
        0.025252000000000
        0.025293000000000
        0.053556000000000
        0.026998000000000
        0.041756000000000
        0.034286000000000
        0.037488000000000
        0.034242000000000
        0.027521000000000
        0.025913000000000
        0.021733000000000
        0.034664000000000
        0.021902000000000
        0.022152000000000
        0.025646000000000
        0.026280000000000
        0.026330000000000
        0.025801000000000
        0.075678000000000
        0.048045000000000
        0.029994000000000
        0.026014000000000
        0.031489000000000
        0.029943000000000
        0.028169000000000
        0.026548000000000
        0.025469000000000
        0.020018000000000
        0.034695000000000
        0.028958000000000
        0.039343000000000
        0.031238000000000
        0.040498000000000
        0.035046000000000
        0.045020000000000
        0.038335000000000
        0.037685000000000
        0.029091000000000
        0.028647000000000
        0.030446000000000
        0.029007000000000
        0.020011000000000
        0.033091000000000
        0.037825000000000
        0.025074000000000
        0.022884000000000
        0.030449000000000
        0.026166000000000
        0.033461000000000
        0.041157000000000
        0.032480000000000
        0.032288000000000
        0.020182000000000
        0.038211000000000
        0.036514000000000
        0.031031000000000
        0.025700000000000
        0.027635000000000
        0.034237000000000
        0.030939000000000
        0.070838000000000
        0.071851000000000
        0.064045000000000
        0.062213000000000
        0.063785000000000
        0.063584000000000
        0.062527000000000
        0.062017000000000
        0.068462000000000
        0.062923000000000
        0.063724000000000
        0.054096000000000
        0.052763000000000
        0.065697000000000
        0.069834000000000
        0.048872000000000
        0.048829000000000
        0.056706000000000
        0.047238000000000
        0.045253000000000
        0.335172000000000
        0.077796000000000
        0.046736000000000
        0.047108000000000
        2.647437000000000
        0.330539000000000
        0.070660000000000
        0.059186000000000
        0.178180000000000
        0.074024000000000
        0.056621000000000
        0.049677000000000
        0.055054000000000
        0.069543000000000
        0.031252000000000
        0.057185000000000
        0.059472000000000
        0.050716000000000
        0.043431000000000
        0.074759000000000
        0.054457000000000
        0.042078000000000
        0.060604000000000
        0.085453000000000
        0.052889000000000
        0.076098000000000
        0.060263000000000
        0.051912000000000
        0.096664000000000
        0.046152000000000
        0.048314000000000
        0.060656000000000
        0.040876000000000
        0.055383000000000
        0.043741000000000
        0.029362000000000
        0.048655000000000
        0.043796000000000
        0.048563000000000
        0.063479000000000
        0.051051000000000
        0.051925000000000
        0.040221000000000
        0.048313000000000
        0.044736000000000
        0.063789000000000
        0.046458000000000
        0.059930000000000
        0.067145000000000
        0.063369000000000
        0.059487000000000
        0.076936000000000
        0.067272000000000
        0.063203000000000
        0.090889000000000
        0.075032000000000
        0.063682000000000
        0.060226000000000
        0.061228000000000
        0.060594000000000
        0.102921000000000
        0.097930000000000
        0.076764000000000
        0.074922000000000
        0.064371000000000
        0.069781000000000
        0.081828000000000
        0.071212000000000
        0.097856000000000
        0.082977000000000
        0.084302000000000
        0.071637000000000
        0.094219000000000
        0.084109000000000
        0.101572000000000
        0.118603000000000
        0.066260000000000
        0.060926000000000
        0.076175000000000
        0.129614000000000
        0.065254000000000
        0.103225000000000
        0.122997000000000
        0.070820000000000
        0.074407000000000
        1.064858000000000
        0.075353000000000
        0.068866000000000
        0.116310000000000
        0.070427000000000
        0.084137000000000
        0.056814000000000
        0.084333000000000
        0.058411000000000
        0.093397000000000
        0.076830000000000
        0.105246000000000
        0.104416000000000
        0.104277000000000
        0.093976000000000
        0.068575000000000
        0.086172000000000
        0.061645000000000
        0.074667000000000
        0.055443000000000
        0.127926000000000
        0.072743000000000
        0.089156000000000
        0.119790000000000
        0.096680000000000
        0.087483000000000
        0.060869000000000
        0.144040000000000
        0.151831000000000
        0.125784000000000
        0.090236000000000
        0.057626000000000
        0.081879000000000
        0.095132000000000
        0.077700000000000
        0.008354000000000
        0.008566000000000
        0.008055000000000
        0.008592000000000
        0.008128000000000
        0.008476000000000
        0.008285000000000
        0.008136000000000
        0.008442000000000
        0.008096000000000
        0.015999000000000
        0.016214000000000
        0.015951000000000
        0.016140000000000
        0.016155000000000
        0.016312000000000
        0.016184000000000
        0.016142000000000
        0.016085000000000
        0.016228000000000
        0.015605000000000
        0.015357000000000
        0.015123000000000
        0.015917000000000
        0.015824000000000
        0.016022000000000
        0.015964000000000
        0.016142000000000
        0.016016000000000
        0.023589000000000
        0.047574000000000
        0.054935000000000
        0.055939000000000
        0.047693000000000
        0.047134000000000
        0.047834000000000
        0.054445000000000
        0.031987000000000
        0.046003000000000
        0.054443000000000
        0.143023000000000
        0.256764000000000
        0.224482000000000
        0.134821000000000
        0.094463000000000
        0.094289000000000
        0.207305000000000
        0.114994000000000
        0.113683000000000
        0.069189000000000
        0.203130000000000
        0.127980000000000
        0.141950000000000
        0.079417000000000
        0.252643000000000
        0.160699000000000
        0.125322000000000
        0.147496000000000
        0.138896000000000
        0.147922000000000
        0.098960000000000
        0.118793000000000
        0.112525000000000
        0.096138000000000
        0.149251000000000
        0.103221000000000
        0.086111000000000
        0.409626000000000
        0.176545000000000
        0.133451000000000
