       536
       553
       541
       553
       535
       553
       529
       546
       553
       529
      1141
      1141
      1133
      1147
      1145
      1133
      1135
      1145
      1145
      1134
      1751
      1744
      1750
      1744
      1750
      1750
      1743
      1751
      1762
      1750
      2413
      2425
      2420
      2425
      2413
      2413
      2402
      2398
      2408
      2407
      3067
      3071
      3071
      3084
      3071
      3083
      3082
      3071
      3071
      3084
