       118
       118
       118
       118
       117
       118
       119
       118
       117
       117
       222
       223
       222
       222
       222
       222
       222
       222
       223
       222
       324
       324
       324
       324
       324
       324
       324
       324
       324
       324
       425
       425
       425
       425
       425
       425
       425
       425
       425
       425
       527
       527
       527
       527
       527
       527
       527
       527
       527
