3.694490000000000e-01
2.661030000000000e-01
2.645580000000000e-01
2.773510000000000e-01
2.694840000000000e-01
2.681940000000000e-01
2.667800000000000e-01
2.644560000000000e-01
2.689580000000000e-01
2.665480000000000e-01
1.330717000000000e+00
1.296995000000000e+00
1.292174000000000e+00
1.300435000000000e+00
1.297721000000000e+00
1.294780000000000e+00
1.295720000000000e+00
1.301115000000000e+00
1.305025000000000e+00
1.311979000000000e+00
2.540618000000000e+00
2.539533000000000e+00
2.561052000000000e+00
2.547960000000000e+00
2.522547000000000e+00
2.507520000000000e+00
2.552645000000000e+00
2.527751000000000e+00
2.541904000000000e+00
2.545312000000000e+00
4.889296000000000e+00
4.869858000000000e+00
4.904746000000000e+00
4.870401000000000e+00
4.901290000000000e+00
4.883743000000000e+00
4.928637000000000e+00
4.861558000000000e+00
4.862801000000000e+00
4.863374000000000e+00
7.661545000000000e+00
7.587971000000000e+00
7.573523000000000e+00
7.684174000000000e+00
7.604730000000000e+00
7.622274000000000e+00
7.727030000000000e+00
7.631706000000000e+00
7.673636000000000e+00
7.671853000000000e+00
