         9
        11
         9
        11
        12
        11
         9
         9
         9
         9
        12
         9
         9
         9
         9
         9
        12
         9
         9
         9
         9
        12
         9
         9
         9
         9
         9
         9
         9
         9
         9
         9
         9
         9
        14
         9
         9
        12
         9
        12
         9
         9
         9
         9
         9
         9
         9
        11
         9
         9
