   0.098923000000000
   0.064553300000000
   0.053409600000000
   0.047617000000000
   0.054689800000000
   0.058015000000000
   0.053793100000000
   0.061595300000000
   0.059272300000000
   0.040070900000000
   0.218710600000000
   0.176448700000000
   0.132265900000000
   0.140046900000000
   0.176923300000000
   0.165137400000000
   0.191820200000000
   0.145239400000000
   0.123405500000000
   0.125691100000000
   0.419129600000000
   0.466799000000000
   0.411594000000000
   0.397801900000000
   0.432047400000000
   0.459355900000000
   0.382228300000000
   0.399990400000000
   0.397548300000000
   0.334971600000000
   0.747712100000000
   0.916183300000000
   0.914472200000000
   0.925797400000000
   0.917940900000000
   1.285151500000000
   1.050636100000000
   1.046678100000000
   1.017585400000000
   0.787451500000000
   1.798134000000000
   1.775422000000000
   1.775230000000000
   1.315103000000000
   1.238049600000000
   1.214652400000000
   1.294702000000000
   1.216685600000000
   1.367343500000000
   1.278795600000000
