3.962700000000000e-01
3.352860000000000e-01
3.326920000000000e-01
2.881370000000000e-01
2.458450000000000e-01
2.464640000000000e-01
2.440840000000000e-01
2.418300000000000e-01
2.432400000000000e-01
2.440110000000000e-01
1.216950000000000e+00
1.231788000000000e+00
1.215237000000000e+00
1.232910000000000e+00
1.217986000000000e+00
1.209196000000000e+00
1.216154000000000e+00
1.215862000000000e+00
1.227695000000000e+00
1.223303000000000e+00
2.362710000000000e+00
2.377982000000000e+00
2.385936000000000e+00
2.370096000000000e+00
2.350745000000000e+00
2.340436000000000e+00
2.399077000000000e+00
2.370174000000000e+00
2.380086000000000e+00
2.381293000000000e+00
4.541411000000000e+00
4.576640000000000e+00
4.620257000000000e+00
4.500120000000000e+00
4.574422000000000e+00
4.546679000000000e+00
4.568390000000000e+00
4.563442000000000e+00
4.500684000000000e+00
4.676847000000000e+00
7.225208000000000e+00
7.225485000000000e+00
7.165721000000000e+00
7.215739000000000e+00
7.183465000000000e+00
7.209466000000000e+00
7.215389000000000e+00
7.279193000000000e+00
7.206825000000000e+00
7.245519000000000e+00
